#Results from heasarc_hipparcos: Hipparcos Main Catalog
#Coordinate system:  Equatorial
#|hip_number|vmag |ra_deg      |dec_deg     |
|     32349|-1.44|101.28854105|-16.71314306|
|     30438|-0.62|095.98787763|-52.69571799|
|     69673|-0.05|213.91811403|+19.18726997|
|     71683|-0.01|219.92041034|-60.83514707|
|     91262| 0.03|279.23410832|+38.78299311|
|     24608| 0.08|079.17206517|+45.99902927|
|     24436| 0.18|078.63446353|-08.20163919|
|     37279| 0.40|114.82724194|+05.22750767|
|      7588| 0.45|024.42813204|-57.23666007|
|     27989| 0.45|088.79287161|+07.40703634|
|     68702| 0.61|210.95601898|-60.37297840|
|     97649| 0.76|297.69450860|+08.86738491|
|     60718| 0.77|186.64975585|-63.09905586|
|     21421| 0.87|068.98000195|+16.50976164|
|     65474| 0.98|201.29835230|-11.16124491|
|     80763| 1.06|247.35194804|-26.43194608|
|     37826| 1.16|116.33068263|+28.02631031|
|    113368| 1.17|344.41177323|-29.62183701|
|     62434| 1.25|191.93049537|-59.68873246|
|    102098| 1.25|310.35797270|+45.28033423|
|     71681| 1.35|219.91412833|-60.83947139|
|     49669| 1.36|152.09358075|+11.96719513|
|     33579| 1.50|104.65644451|-28.97208931|
|     36850| 1.58|113.65001898|+31.88863645|
|     61084| 1.59|187.79137202|-57.11256922|
|     85927| 1.62|263.40219373|-37.10374835|
|     25336| 1.64|081.28278416|+06.34973451|
|     25428| 1.65|081.57290804|+28.60787346|
|     45238| 1.67|138.30100329|-69.71747245|
|     26311| 1.69|084.05338572|-01.20191725|
|    109268| 1.73|332.05781838|-46.96061593|
|     26727| 1.74|085.18968672|-01.94257841|
|     39953| 1.75|122.38314727|-47.33661177|
|     62956| 1.76|193.50680410|+55.95984301|
|     15863| 1.79|051.08061889|+49.86124281|
|     90185| 1.79|276.04310967|-34.38431460|
|     54061| 1.81|165.93265365|+61.75111888|
|     34444| 1.83|107.09785853|-26.39320776|
|     67301| 1.85|206.88560880|+49.31330288|
|     86228| 1.86|264.32969072|-42.99782155|
|     41037| 1.86|125.62860299|-59.50953829|
|     28360| 1.90|089.88237261|+44.94743492|
|     82273| 1.91|252.16610742|-69.02763503|
|     31681| 1.93|099.42792641|+16.39941482|
|     42913| 1.93|131.17582214|-54.70856797|
|    100751| 1.94|306.41187347|-56.73488071|
|     11767| 1.97|037.94614689|+89.26413805|
|     30324| 1.98|095.67494750|-17.95591658|
|     46390| 1.99|141.89688260|-08.65868335|
|      9884| 2.01|031.79285757|+23.46277743|
|     50583| 2.01|154.99234054|+19.84186032|
|      3419| 2.04|010.89678452|-17.98668410|
|     92855| 2.05|283.81631956|-26.29659428|
|     68933| 2.06|211.67218608|-36.36869575|
|     27366| 2.07|086.93911641|-09.66960186|
|     72607| 2.07|222.67664751|+74.15547596|
|      5447| 2.07|017.43248991|+35.62083048|
|    112122| 2.07|340.66639531|-46.88456594|
|       677| 2.07|002.09653333|+29.09082805|
|     86032| 2.08|263.73335321|+12.56057584|
|     14576| 2.09|047.04220716|+40.95565120|
|      9640| 2.10|030.97466283|+42.32984832|
|     57632| 2.14|177.26615977|+14.57233687|
|      4427| 2.15|014.17708808|+60.71674966|
|     61932| 2.20|190.38002079|-48.95988553|
|     45556| 2.21|139.27261834|-59.27526115|
|     39429| 2.21|120.89612561|-40.00318846|
|     76267| 2.22|233.67162293|+26.71491041|
|     44816| 2.23|136.99907126|-43.43262406|
|     65378| 2.23|200.98091604|+54.92541525|
|    100453| 2.23|305.55708346|+40.25668150|
|     87833| 2.24|269.15157439|+51.48895101|
|      3179| 2.24|010.12661349|+56.53740928|
|     25930| 2.25|083.00166562|-00.29909340|
|       746| 2.28|002.29204036|+59.15021814|
|     66657| 2.29|204.97196962|-53.46636269|
|     82396| 2.29|252.54268738|-34.29260982|
|     78401| 2.29|240.08338225|-22.62162024|
|     71860| 2.30|220.48239101|-47.38814127|
|     71352| 2.33|218.87688163|-42.15774562|
|     53910| 2.34|165.45996150|+56.38234478|
|     72105| 2.35|221.24687869|+27.07417383|
|    107315| 2.38|326.04641808|+09.87500791|
|     86670| 2.39|265.62199908|-39.02992092|
|      2081| 2.40|006.57028075|-42.30512197|
|     58001| 2.41|178.45725536|+53.69473296|
|     84012| 2.43|257.59442659|-15.72514757|
|    113881| 2.44|345.94305575|+28.08245462|
|    105199| 2.45|319.64408982|+62.58545529|
|     35904| 2.45|111.02377104|-29.30311979|
|     45941| 2.47|140.52845511|-55.01069531|
|    102488| 2.48|311.55180091|+33.96945334|
|    113963| 2.49|346.19007020|+15.20536786|
|     81377| 2.54|249.28970847|-10.56715180|
|     14135| 2.54|045.56991279|+04.08992539|
|     68002| 2.55|208.88514539|-47.28826634|
|     54872| 2.56|168.52671705|+20.52403384|
|     78820| 2.56|241.35931206|-19.80539286|
|     59196| 2.58|182.08976505|-50.72240999|
|     25985| 2.58|083.18255798|-17.82229227|
|     59803| 2.58|183.95194937|-17.54198370|
|     93506| 2.60|285.65301428|-29.88011429|
|     74785| 2.61|229.25196591|-09.38286694|
|     77070| 2.63|236.06664914|+06.42551971|
|      8903| 2.64|028.65978771|+20.80829949|
|     26634| 2.65|084.91224975|-34.07404941|
|     28380| 2.65|089.93015897|+37.21276409|
|     61359| 2.65|188.59680864|-23.39662306|
|      6686| 2.66|021.45251267|+60.23540347|
|     67927| 2.68|208.67131750|+18.39858742|
|     73273| 2.68|224.63314193|-43.13386699|
|     61585| 2.69|189.29618208|-69.13553358|
|     52727| 2.69|161.69217542|-49.42012517|
|     23015| 2.69|074.24840098|+33.16613537|
|     85696| 2.70|262.69099501|-37.29574016|
|     35264| 2.71|109.28568399|-37.09748689|
|     97278| 2.72|296.56487567|+10.61326869|
|     89931| 2.72|275.24842337|-29.82803914|
|     80331| 2.73|245.99794523|+61.51407536|
|     79593| 2.73|243.58652601|-03.69397562|
|     61941| 2.74|190.41667557|-01.44952231|
|     52419| 2.74|160.73927802|-64.39447937|
|     26241| 2.75|083.85825475|-05.90989984|
|     65109| 2.75|200.15027321|-36.71208109|
|     72622| 2.75|222.71990536|-16.04161047|
|     86742| 2.76|265.86823714|+04.56691684|
|     84345| 2.78|258.66192687|+14.39025314|
|     23875| 2.78|076.96264146|-05.08626282|
|     80816| 2.78|247.55525697|+21.48964850|
|     85670| 2.79|262.60823708|+52.30135901|
|     59747| 2.79|183.78648733|-58.74890179|
|     76297| 2.80|233.78525156|-41.16669497|
|     81693| 2.81|250.32282132|+31.60188695|
|     25606| 2.81|082.06135971|-20.75923214|
|      2021| 2.82|006.41334183|-77.25503511|
|     81266| 2.82|248.97066423|-28.21596156|
|     90496| 2.82|276.99278955|-25.42124732|
|      1067| 2.83|003.30895828|+15.18361593|
|     77952| 2.83|238.78670013|-63.42974973|
|     39757| 2.83|121.88625899|-24.30443677|
|     85258| 2.84|261.32498828|-55.52982397|
|     85792| 2.84|262.96050661|-49.87598159|
|     18246| 2.84|058.53299363|+31.88365776|
|     63608| 2.85|195.54483557|+10.95910186|
|    107556| 2.85|326.75952199|-16.12656595|
|     17702| 2.85|056.87110065|+24.10524193|
|      9236| 2.86|029.69113269|-61.56992444|
|     97165| 2.86|296.24350878|+45.13069195|
|    110130| 2.87|334.62574257|-60.25949486|
|     30343| 2.87|095.73996302|+22.51385027|
|     74946| 2.87|229.72787007|-68.67946723|
|     94141| 2.88|287.44097404|-21.02352534|
|     13847| 2.88|044.56548180|-40.30473491|
|     36188| 2.89|111.78780121|+08.28940893|
|     63125| 2.89|194.00767051|+38.31824617|
|     78265| 2.89|239.71300283|-26.11404280|
|    106278| 2.90|322.88966951|-05.57115593|
|     80112| 2.90|245.29717718|-25.59275259|
|     18532| 2.90|059.46342138|+40.01027315|
|     14328| 2.91|046.19912598|+53.50645031|
|     48002| 2.92|146.77557340|-65.07201888|
|    112158| 2.93|340.75053573|+30.22130866|
|     60965| 2.94|187.46659650|-16.51509397|
|     32768| 2.94|102.48390349|-50.61439973|
|    109074| 2.95|331.44593869|-00.31982656|
|     18543| 2.97|059.50720862|-13.50824471|
|     47908| 2.97|146.46292670|+23.77427792|
|     26451| 2.97|084.41118447|+21.14259299|
|     88635| 2.98|271.45218586|-30.42365007|
|     93747| 2.99|286.35255180|+13.86370983|
|     87073| 2.99|266.89617137|-40.12698197|
|     64962| 2.99|199.73022240|-23.17141246|
|     82514| 3.00|252.96766195|-38.04732717|
|    108085| 3.00|328.48189202|-37.36482290|
|     10064| 3.00|032.38550383|+34.98739204|
|     75097| 3.00|230.18228840|+71.83397308|
|     54539| 3.00|167.41608092|+44.49855337|
|     17358| 3.01|055.73117540|+47.78765330|
|     30122| 3.02|095.07827982|-30.06337656|
|     33977| 3.02|105.75613986|-23.83330131|
|     59316| 3.02|182.53135773|-22.61979211|
|     23416| 3.03|075.49222507|+43.82331397|
|     62322| 3.04|191.57029013|-68.10809405|
|     71075| 3.04|218.01982421|+38.30788348|
|     95947| 3.05|292.68035529|+27.95969480|
|    100345| 3.05|305.25269347|-14.78140119|
|     32246| 3.06|100.98304088|+25.13115531|
|     50801| 3.06|155.58251355|+41.49943350|
|     94376| 3.07|288.13814581|+67.66131695|
|     89642| 3.10|274.40720490|-36.76128103|
|     52943| 3.11|162.40596699|-16.19413208|
|     43813| 3.11|133.84868687|+05.94552770|
|     56561| 3.11|173.94553448|-63.01982488|
|    101772| 3.11|309.39162365|-47.29166239|
|     83081| 3.12|254.65512817|-55.99005508|
|     84379| 3.12|258.75801735|+24.83958739|
|     27628| 3.12|087.73980340|-35.76929225|
|     44127| 3.12|134.80349479|+48.04234956|
|     73334| 3.13|224.79041254|-42.10414199|
|     45860| 3.14|140.26441169|+34.39252592|
|     46701| 3.16|142.80564072|-57.03439160|
|     84380| 3.16|258.76189282|+36.80915527|
|     46853| 3.17|143.21802191|+51.67860208|
|     83895| 3.17|257.19677111|+65.71463676|
|     31685| 3.17|099.44029869|-43.19592394|
|     92041| 3.17|281.41397083|-26.99077940|
|     23767| 3.18|076.62862102|+41.23464074|
|     71908| 3.18|220.62785433|-64.97456957|
|     83000| 3.19|254.41779418|+09.37505626|
|     22449| 3.19|072.45890935|+06.96124744|
|     87261| 3.19|267.46438020|-37.04337105|
|     23685| 3.19|076.36521705|-22.37085673|
|    104732| 3.21|318.23408977|+30.22708128|
|    116727| 3.21|354.83742516|+77.63196681|
|     75141| 3.22|230.34306833|-40.64745946|
|     79882| 3.23|244.58016994|-04.69260809|
|     89962| 3.23|275.32883578|-02.89712200|
|    106032| 3.23|322.16489595|+70.56069481|
|     99473| 3.24|302.82610327|-00.82147569|
|     32607| 3.24|102.04807134|-61.94197988|
|     73714| 3.25|226.01775793|-25.28185602|
|     36377| 3.25|112.30782630|-43.30189129|
|     93194| 3.25|284.73593568|+32.68955312|
|     68895| 3.25|211.59278733|-26.68201883|
|     17678| 3.26|056.80929799|-74.23924251|
|      3092| 3.27|009.83165567|+30.86122579|
|     84970| 3.27|260.50243371|-24.99948797|
|    113136| 3.27|343.66266350|-15.82075994|
|     24305| 3.29|078.23280460|-16.20542901|
|     75458| 3.29|231.23243370|+58.96602354|
|     50099| 3.29|153.43449551|-70.03792169|
|     51576| 3.30|158.00618250|-61.68536031|
|     21281| 3.30|068.49882684|-55.04500559|
|     29655| 3.31|093.71956952|+22.50682376|
|     85267| 3.31|261.34858274|-56.37768824|
|     88048| 3.32|269.75665662|-09.77334973|
|     59774| 3.32|183.85603795|+57.03259792|
|     93864| 3.32|286.73517629|-27.66981416|
|     14354| 3.32|046.29373754|+38.84053298|
|     84143| 3.32|258.03823300|-43.23849039|
|      5165| 3.32|016.52127713|-46.71849042|
|     54879| 3.33|168.56017036|+15.42976310|
|     19780| 3.33|063.60596306|-62.47397888|
|     38170| 3.34|117.32357809|-24.85978401|
|     41704| 3.35|127.56679232|+60.71843110|
|     32362| 3.35|101.32263980|+12.89605513|
|     25281| 3.35|081.11923774|-02.39713844|
|      8886| 3.35|028.59868107|+63.67014686|
|     95501| 3.36|291.37396941|+03.11457923|
|     75264| 3.37|230.67036465|-44.68957314|
|     43109| 3.38|131.69435930|+06.41890691|
|     66249| 3.38|203.67397800|-00.59593821|
|    109492| 3.39|332.71359131|+58.20124992|
|     50371| 3.39|154.27085535|-61.33231977|
|     26207| 3.39|083.78449043|+09.93416294|
|     63090| 3.39|193.90201366|+03.39759862|
|     20894| 3.40|067.16531219|+15.87094680|
|     74395| 3.41|228.07167982|-52.09907465|
|     18724| 3.41|060.17008591|+12.49037571|
|    112029| 3.41|340.36531181|+10.83139111|
|     67464| 3.41|207.37623920|-41.68765971|
|    102422| 3.41|311.32195263|+61.83679404|
|      6867| 3.41|022.09142360|-43.31772906|
|    102395| 3.42|311.23981530|-66.20323826|
|      8796| 3.42|028.27041595|+29.57939727|
|     86974| 3.42|266.61549553|+27.72249917|
|     78384| 3.42|240.03058543|-38.39664079|
|     93805| 3.43|286.56229139|-04.88233456|
|     50335| 3.43|154.17251805|+23.41732840|
|     45080| 3.43|137.74210535|-58.96693014|
|     50372| 3.45|154.27469564|+42.91446855|
|      5364| 3.46|017.14693197|-10.18192800|
|     38827| 3.46|119.19475729|-52.98240062|
|     74666| 3.46|228.87543241|+33.31510222|
|      3821| 3.46|012.27125262|+57.81654770|
|     12706| 3.47|040.82551897|+03.23617162|
|     67472| 3.47|207.40419934|-42.47368506|
|     49583| 3.48|151.83313948|+16.76266572|
|     81833| 3.48|250.72391068|+38.92246103|
|     55219| 3.49|169.61981385|+33.09423881|
|    112623| 3.49|342.13832136|-51.31670354|
|     90422| 3.49|276.74345947|-45.96832919|
|      8102| 3.49|026.02136441|-15.93955597|
|     73555| 3.49|225.48663804|+40.39063671|
|     33856| 3.49|105.42979876|-27.93484165|
|     35550| 3.50|110.03078890|+21.98233941|
|     32759| 3.50|102.46027285|-32.50848752|
|    112724| 3.50|342.42046735|+66.20071089|
|    112748| 3.51|342.50041810|+24.60168486|
|     98337| 3.51|299.68911516|+19.49209287|
|     17378| 3.52|055.81231706|-09.76519868|
|     48774| 3.52|149.21564520|-54.56779730|
|     47508| 3.52|145.28799116|+09.89239902|
|     93085| 3.52|284.43241556|-21.10662433|
|     92420| 3.52|282.51997462|+33.36267788|
|    109427| 3.52|332.54924902|+06.19778900|
|     40526| 3.53|124.12895101|+09.18566295|
|     20889| 3.53|067.15388879|+19.18052092|
|     77516| 3.54|237.40527375|-03.43014112|
|     56343| 3.54|173.25107936|-31.85752405|
|     86263| 3.54|264.39677181|-15.39840835|
|     27288| 3.55|086.73895728|-14.82194717|
|     99240| 3.55|302.17441713|-66.17932101|
|     69996| 3.55|214.85096972|-46.05808391|
|     20042| 3.55|064.47341068|-33.79833145|
|     89937| 3.55|275.25974572|+72.73369763|
|      1562| 3.56|004.85701265|-08.82382948|
|     10602| 3.56|034.12708452|-51.51211145|
|     55282| 3.56|169.83551103|-14.77904358|
|     82545| 3.56|253.08397295|-38.01747781|
|     71053| 3.57|217.95774098|+30.37114497|
|     44471| 3.57|135.90649494|+47.15665934|
|     75177| 3.57|230.45181856|-36.26116729|
|     37740| 3.57|116.11195237|+24.39812929|
|     35350| 3.58|109.52336162|+16.54047526|
|    100064| 3.58|304.51341030|-12.54485877|
|     57757| 3.59|177.67202553|+01.76537705|
|     60260| 3.59|185.34088036|-60.40136988|
|      7607| 3.59|024.49792651|+48.62848641|
|     27072| 3.59|086.11656241|-22.44748663|
|     24674| 3.59|079.40166225|-06.84438616|
|      6537| 3.60|021.00604671|-08.18275372|
|     85727| 3.60|262.77490395|-60.68360667|
|     46651| 3.60|142.67547063|-40.46688763|
|     42536| 3.60|130.07337168|-52.92197259|
|     33018| 3.60|103.19725030|+33.96136985|
|     76470| 3.60|234.25607748|-28.13507099|
|     49841| 3.61|152.64748785|-12.35383921|
|     63613| 3.61|195.56573968|-71.54879865|
|     86929| 3.61|266.43334347|-64.72373450|
|     15900| 3.61|051.20349011|+09.02906504|
|     13209| 3.61|042.49578911|+27.26079044|
|      7097| 3.62|022.87080776|+15.34583101|
|     82729| 3.62|253.64627156|-42.36075916|
|     17847| 3.62|057.29054669|+24.05352412|
|     37819| 3.62|116.31376631|-37.96859848|
|    113726| 3.62|345.48019377|+42.32597866|
|     57363| 3.63|176.40236386|-66.72884344|
|    101769| 3.64|309.38695734|+14.59520289|
|     46733| 3.65|142.88154025|+63.06179545|
|    110960| 3.65|337.20750231|-00.02006304|
|     20205| 3.65|064.94805793|+15.62770031|
|     88714| 3.65|271.65782832|-50.09145462|
|     77233| 3.65|236.54672877|+15.42192602|
|     75695| 3.66|231.95771631|+29.10549164|
|     76600| 3.66|234.66410153|-29.77768935|
|     68756| 3.67|211.09760837|+64.37580873|
|    103227| 3.67|313.70241509|-58.45409470|
|     22549| 3.68|072.80152507|+05.60510146|
|     97365| 3.68|296.84693842|+18.53425912|
|     42828| 3.68|130.89811451|-33.18641133|
|    114341| 3.68|347.36150879|-21.17248555|
|      9007| 3.69|028.98680207|-51.60958673|
|     57399| 3.69|176.51305887|+47.77933701|
|      2920| 3.69|009.24277921|+53.89693161|
|     23453| 3.69|075.61950025|+41.07588953|
|    106985| 3.69|325.02225935|-16.66225343|
|     47854| 3.69|146.31178147|-62.50792328|
|    114971| 3.70|349.28955677|+03.28224524|
|     87933| 3.70|269.44096106|+29.24792527|
|     15474| 3.70|049.87904033|-21.75794210|
|     98036| 3.71|298.82819233|+06.40793334|
|     22797| 3.71|073.56289850|+02.44067149|
|     38414| 3.71|118.05435622|-40.57579889|
|     77622| 3.71|237.70371344|+04.47757980|
|     88771| 3.71|271.83758610|+09.56365345|
|     28103| 3.71|089.10132627|-14.16803805|
|     28358| 3.72|089.88145972|+54.28498197|
|     16537| 3.72|053.23509009|-09.45830584|
|     17499| 3.72|056.21884811|+24.11344840|
|    104060| 3.72|316.23273251|+43.92785122|
|    107089| 3.73|325.36863801|-77.38946215|
|    112961| 3.73|343.15360192|-07.57967878|
|     72220| 3.73|221.56246594|+01.89293830|
|     87585| 3.73|268.38178961|+56.87245216|
|     16083| 3.73|051.79217049|+09.73277240|
|      8645| 3.74|027.86504416|-10.33494526|
|     80170| 3.74|245.48018203|+19.15302185|
|    104887| 3.74|318.69727757|+38.04432043|
|     87108| 3.75|266.97322515|+02.70745875|
|     44511| 3.75|136.03883562|-47.09771376|
|     95853| 3.76|292.42641389|+51.72946747|
|     30867| 3.76|097.20447548|-07.03305042|
|    111169| 3.76|337.82239898|+50.28244976|
|     93683| 3.76|286.17055765|-21.74135451|
|     27654| 3.76|087.82980343|-20.87751376|
|     26069| 3.76|083.40631813|-62.48985585|
|     26549| 3.77|084.68652211|-02.60006791|
|     42570| 3.77|130.15656369|-46.64875492|
|     20455| 3.77|065.73344722|+17.54258430|
|    101958| 3.77|309.90939395|+15.91205270|
|    105881| 3.77|321.66678212|-22.41137838|
|     82363| 3.77|252.44629764|-59.04131648|
|    109176| 3.77|331.75197729|+25.34504610|
|     13268| 3.77|042.67413655|+55.89552955|
|     17529| 3.77|056.29851422|+42.57854437|
|     41312| 3.77|126.43435936|-66.13652042|
|     71795| 3.78|220.28716819|+13.72833113|
|    102618| 3.78|311.91888574|-09.49568988|
|     48319| 3.78|147.74871542|+59.03910437|
|     36046| 3.78|111.43198371|+27.79828561|
|     34481| 3.78|107.18676883|-70.49919435|
|     53253| 3.78|163.37319260|-58.85326474|
|     55203| 3.79|            |            |
|     53229| 3.79|163.32766612|+34.21556641|
|     14668| 3.79|047.37345463|+44.85788896|
|     99675| 3.80|303.40792782|+46.74132417|
|     94779| 3.80|289.27545794|+53.36816064|
|     14879| 3.80|048.01783332|-28.98910623|
|     37229| 3.80|114.70783872|-26.80389240|
|     76276| 3.80|233.70079260|+10.53885916|
|    116584| 3.81|354.39044870|+46.45917621|
|     51232| 3.81|156.96977108|-58.73940856|
|     76952| 3.81|235.68599269|+26.29551419|
|     21393| 3.81|068.88779874|-30.56231049|
|      9487| 3.82|030.51166929|+02.76376048|
|     80883| 3.82|247.72850509|+01.98410056|
|     45688| 3.82|139.71111394|+36.80289763|
|     86414| 3.82|264.86621847|+46.00632216|
|     56211| 3.82|172.85120199|+69.33112161|
|     51069| 3.83|156.52293768|-16.83609584|
|     68245| 3.83|209.56785278|-42.10070526|
|     72370| 3.83|221.96552567|-79.04471242|
|     43783| 3.84|133.76192355|-60.64471195|
|     97433| 3.84|297.04255658|+70.26783533|
|     17440| 3.84|056.04814541|-64.80709398|
|     51624| 3.84|158.20281305|+09.30659431|
|     89341| 3.84|273.44086963|-21.05883031|
|     51986| 3.84|159.32606984|-48.22561631|
|     20885| 3.84|067.14346805|+15.96221721|
|     17448| 3.84|056.07969347|+32.28827325|
|     88794| 3.84|271.88562824|+28.76247025|
|     61199| 3.84|188.11712896|-72.13297590|
|     91117| 3.85|278.80182442|-08.24330819|
|     27321| 3.85|086.82118054|-51.06671329|
|     19747| 3.85|063.50033880|-42.29387294|
|     61622| 3.85|189.42636588|-48.54128816|
|     78072| 3.85|239.11247598|+15.66473327|
|     50191| 3.85|153.68447399|-42.12206281|
|     90139| 3.85|275.92402821|+21.77034249|
|     30277| 3.85|095.52852147|-33.43627251|
|     61281| 3.85|188.37101041|+69.78820992|
|    110395| 3.86|335.41374983|-01.38735315|
|     25859| 3.86|082.80306450|-35.47043592|
|     79664| 3.86|243.85944228|-63.68564897|
|     87808| 3.86|269.06324389|+37.25052158|
|      4436| 3.86|014.18790699|+38.49925513|
|     21594| 3.86|069.54529558|-14.30358700|
|     81065| 3.86|248.36443409|-78.89695917|
|     97804| 3.87|298.11818257|+01.00567827|
|     68282| 3.87|209.66988070|-44.80353140|
|     43023| 3.87|131.50689464|-46.04153920|
|     17573| 3.87|056.45663804|+24.36785796|
|     78104| 3.87|239.22119438|-29.21401221|
|     71957| 3.87|220.76484284|-05.65742910|
|     74376| 3.88|227.98400434|-48.73770212|
|       765| 3.88|002.35224949|-45.74698836|
|    114421| 3.88|347.58928308|-45.24664747|
|     48455| 3.88|148.19149028|+26.00708498|
|      8832| 3.88|028.38235506|+19.29409264|
|     45336| 3.89|138.59080529|+02.31502422|
|     13701| 3.89|044.10668245|-08.89760976|
|     98110| 3.89|299.07665069|+35.08349079|
|     60129| 3.89|184.97663096|-00.66674709|
|     33152| 3.89|103.53314518|-24.18422296|
|     55425| 3.90|170.25184266|-54.49101395|
|     47431| 3.90|144.96389156|-01.14265722|
|     65936| 3.90|202.76111861|-39.40727983|
|     41307| 3.91|126.41529546|-03.90636482|
|     60823| 3.91|187.01004828|-50.23060480|
|     18907| 3.91|060.78907003|+05.98930909|
|     73807| 3.91|226.27960699|-47.05119386|
|     76333| 3.91|233.88141398|-14.78955365|
|     79992| 3.91|244.93519958|+46.31327084|
|    104987| 3.92|318.95581976|+05.24807390|
|     83207| 3.92|255.07252582|+30.92633926|
|     95168| 3.92|290.41823037|-17.84725155|
|     21444| 3.93|069.07975243|-03.35244800|
|     37504| 3.93|115.45498347|-72.60613528|
|      2072| 3.93|006.55048418|-43.67990933|
|      7083| 3.93|022.81242306|-49.07307701|
|     54463| 3.93|167.14748181|-58.97504198|
|     13531| 3.93|043.56442700|+52.76248991|
|     88192| 3.93|270.16131466|+02.93158759|
|     78933| 3.93|241.70180197|-20.66913479|
|      5348| 3.94|017.09608370|-55.24583235|
|     37447| 3.94|115.31198612|-09.55108315|
|     37677| 3.94|115.95196716|-28.95483520|
|     42911| 3.94|131.17129209|+18.15486399|
|    103413| 3.94|314.29338184|+41.16719384|
|      9598| 3.95|030.85912643|+72.42123962|
|     31592| 3.95|099.17082883|-19.25570928|
|     45101| 3.96|137.81986611|-62.31701587|
|     95347| 3.96|290.97146411|-40.61564629|
|     95241| 3.96|290.65952718|-44.45891013|
|     19343| 3.96|062.16530527|+47.71259359|
|     99848| 3.96|303.86799270|+47.71420530|
|     28328| 3.96|089.78662719|-42.81510761|
|     44248| 3.96|135.16146765|+41.78344401|
|    115438| 3.96|350.74292280|-20.10034505|
|     98495| 3.97|300.14747226|-72.91018443|
|     42515| 3.97|130.02556894|-35.30830091|
|     77634| 3.97|237.73975730|-33.62710488|
|    112440| 3.97|341.63267663|+23.56567939|
|     59449| 3.97|182.91313090|-52.36841559|
|    110997| 3.97|337.31730866|-43.49555433|
|     27673| 3.97|087.87246934|+39.14847936|
|     20535| 3.97|066.00902233|-34.01698632|
|     35228| 3.97|109.20762844|-67.95717248|
|     18614| 3.98|059.74124892|+35.79102701|
|    106481| 3.98|323.49530361|+45.59206564|
|    114996| 3.99|349.35755018|-58.23592762|
|      9347| 3.99|030.00093670|-21.07777193|
|     65477| 3.99|201.30589832|+54.98799884|
|     29651| 3.99|093.71390194|-06.27472737|
|     50954| 3.99|156.09891874|-74.03154474|
|     79374| 4.00|242.99891879|-19.46064684|
|     44382| 4.00|135.61166181|-66.39584369|
|     55642| 4.00|170.98070334|+10.52969772|
|    101076| 4.01|307.34887900|+30.36855661|
|     34088| 4.01|106.02723079|+20.57029939|
|     91792| 4.01|280.75889095|-71.42772867|
|     80000| 4.01|244.96069832|-50.15537923|
|     78527| 4.01|240.47376560|+58.56443739|
|     71865| 4.01|220.49005323|-37.79342394|
|     22109| 4.01|071.37558764|-03.25462465|
|     35037| 4.01|108.70275679|-26.77268601|
|      8068| 4.01|025.91506370|+50.68876550|
|     43409| 4.02|132.63338051|-27.71005869|
|     93244| 4.02|284.90578844|+15.06847757|
|     93429| 4.02|285.42017236|-05.73901832|
|     59199| 4.02|182.10313607|-24.72877993|
|     23522| 4.03|075.85457200|+60.44228144|
|    101421| 4.03|308.30318657|+11.30333217|
|     63003| 4.03|193.64857337|-57.17789116|
|     88601| 4.03|271.36338682|+02.50243928|
|    118268| 4.03|359.82750994|+06.86359373|
|     43103| 4.03|131.67430955|+28.76000509|
|     10670| 4.03|034.32848216|+33.84732099|
|    111497| 4.04|338.83887054|-00.11736123|
|     70497| 4.04|216.30008064|+51.85171354|
|     57380| 4.04|176.46487734|+06.52981394|
|     19587| 4.04|062.96638834|-06.83777870|
|     40702| 4.05|124.63027850|-76.91998251|
|     55434| 4.05|170.28436733|+06.02935289|
|     71536| 4.05|219.47187965|-49.42575765|
|     67459| 4.05|207.36957439|+15.79780583|
|     70090| 4.05|215.13949709|-37.88526711|
|     42884| 4.05|131.09985828|-42.64932331|
|    112716| 4.05|342.39795761|-13.59253756|
|     14632| 4.05|047.26201363|+49.61350009|
|     60009| 4.06|184.60955300|-64.00304555|
|     83153| 4.06|254.89602773|-53.16049005|
|     22957| 4.06|074.09300449|+13.51457755|
|     36962| 4.06|113.98071783|+26.89600343|
|     72010| 4.06|220.91451458|-35.17322549|
|     55705| 4.06|171.22076335|-17.68401748|
|     59929| 4.06|184.39431802|-67.96067161|
|     74117| 4.07|227.21095653|-45.27979406|
|     69701| 4.07|214.00368717|-05.99952622|
|    110991| 4.07|337.29269975|+58.41518990|
|     74824| 4.07|229.37900090|-58.80087882|
|     53740| 4.08|164.94478664|-18.29909723|
|     33160| 4.08|103.54783633|-12.03859273|
|     11001| 4.08|035.43759585|-68.65942390|
|     46974| 4.08|143.61109601|-59.22976797|
|      3693| 4.08|011.83495908|+24.26737703|
|    105502| 4.08|320.52139118|+19.80435581|
|     12387| 4.08|039.87061789|+00.32851680|
|    104139| 4.08|316.48658082|-17.23271095|
|     92862| 4.08|283.83368820|+43.94589260|
|     14146| 4.08|045.59830468|-23.62433613|
|     26366| 4.09|084.22637775|+09.29141200|
|     77450| 4.09|237.18503586|+18.14177930|
|     12777| 4.10|041.04869991|+49.22866639|
|     90568| 4.10|277.20723319|-49.07003097|
|     94160| 4.10|287.50730185|-39.34070677|
|     38164| 4.10|117.30957923|-46.37322729|
|      7513| 4.10|024.19990413|+41.40638491|
|     34045| 4.11|105.93955493|-15.63325876|
|     48356| 4.11|147.86951033|-14.84654997|
|     76440| 4.11|234.17994543|-66.31690469|
|     12486| 4.11|040.16638213|-39.85530905|
|     42312| 4.11|129.41100573|-42.98910371|
|    113638| 4.11|345.22030979|-52.75410562|
|     94114| 4.11|287.36782635|-37.90423953|
|     57439| 4.11|176.62853753|-61.17835907|
|     51839| 4.11|158.86757668|-78.60781379|
|     12394| 4.12|039.89676530|-68.26694760|
|     58948| 4.12|181.30279000|+08.73284563|
|    111043| 4.12|337.43935610|-43.74922804|
|     98032| 4.12|298.81532954|-41.86841350|
|     19812| 4.12|063.72440722|+48.40937312|
|    102978| 4.12|312.95540084|-26.91912642|
|     28614| 4.12|090.59579323|+09.64736756|
|    116771| 4.13|354.98675133|+05.62735374|
|    102485| 4.13|311.52402547|-25.27051682|
|     77853| 4.13|238.45615438|-16.72962230|
|     30883| 4.13|097.24079361|+20.21216720|
|     25247| 4.13|080.98681839|-07.80795569|
|    112405| 4.13|341.51551393|-81.38161731|
|     42313| 4.14|129.41419739|+05.70379868|
|     16369| 4.14|052.71819576|+12.93668186|
|     17608| 4.14|056.58150135|+23.94846207|
|    109937| 4.14|333.99237570|+37.74873483|
|    107354| 4.14|326.16126755|+25.64500284|
|     76127| 4.14|233.23248309|+31.35915517|
|     78159| 4.14|239.39709121|+26.87802632|
|     59072| 4.14|181.72022021|-64.61363898|
|    116805| 4.15|355.10184089|+44.33397776|
|     85112| 4.15|260.92072033|+37.14592396|
|     34769| 4.15|107.96608486|-00.49278056|
|     28734| 4.16|091.03006890|+23.26363207|
|     78727| 4.16|            |            |
|     36366| 4.16|112.27754045|+31.78407932|
|     85340| 4.16|261.59257241|-24.17502346|
|    110003| 4.17|334.20819329|-07.78323706|
|     17874| 4.17|057.36367035|-36.20011250|
|      2599| 4.17|008.24994391|+62.93178781|
|     69427| 4.18|213.22392088|-10.27404400|
|    109857| 4.18|333.75699582|+57.04346522|
|     81304| 4.18|249.09358718|-35.25535553|
|    111954| 4.18|340.16385653|-27.04361480|
|     69732| 4.18|214.09656821|+46.08791894|
|     67457| 4.19|207.36146356|-34.45063035|
|     92043| 4.19|281.41554660|+20.54712356|
|     25813| 4.20|082.69603301|+05.94821792|
|    113246| 4.20|343.98705005|-32.53970196|
|     51233| 4.20|156.97121865|+36.70747818|
|    112447| 4.20|341.67267295|+12.17408381|
|     38835| 4.20|119.21482616|-22.88014849|
|     81126| 4.20|248.52578863|+42.43689565|
|     82080| 4.21|251.49233961|+82.03725071|
|     20635| 4.21|066.34207825|+22.29398098|
|    105858| 4.21|321.61038385|-65.36814438|
|     16228| 4.21|052.26722684|+59.94033461|
|    101093| 4.21|307.39511383|+62.99413722|
|    114724| 4.22|348.58055219|-06.04852680|
|     92609| 4.22|283.05431892|-62.18756062|
|     17651| 4.22|056.71245432|-23.24843800|
|     13254| 4.22|042.64547584|+38.31890838|
|     38518| 4.22|118.32567862|-48.10294824|
|     80569| 4.22|246.75599294|-18.45619698|
|    102453| 4.22|311.41566302|+30.71965680|
|     78918| 4.22|241.64815129|-36.80221297|
|     92175| 4.22|281.79365558|-04.74782871|
|     92791| 4.22|283.62620294|+36.89860518|
|     89908| 4.22|275.18933831|+71.33772734|
|    105102| 4.22|319.35396892|+39.39469016|
|    107259| 4.23|325.87689561|+58.78005308|
|     81852| 4.23|250.77258180|-77.51657182|
|     68520| 4.23|210.41159648|+01.54458338|
|      1599| 4.23|005.00797581|-64.87762320|
|     67153| 4.23|206.42319432|-33.04336606|
|     64394| 4.23|197.97051117|+27.87603769|
|     93825| 4.23|286.60433158|-37.06275714|
|     37629| 4.23|115.82785545|+28.88407170|
|     79101| 4.23|242.19249715|+44.93481883|
|    107533| 4.23|326.69835794|+49.30957480|
|     61317| 4.24|188.43788561|+41.35676779|
|     11407| 4.24|036.74627081|-47.70382692|
|     86565| 4.24|265.35381884|-12.87517268|
|     80911| 4.24|247.84558957|-34.70432087|
|     60000| 4.24|184.58726633|-79.31226899|
|      5372| 4.24|017.18399735|+86.25711803|
|    114855| 4.24|348.97198728|-09.08769554|
|     12770| 4.24|041.03064356|-13.85867594|
|     23972| 4.25|077.28659571|-08.75407607|
|     41075| 4.25|125.70887544|+43.18837233|
|     21402| 4.25|068.91347315|+10.16091706|
|     62896| 4.25|193.35894159|-40.17881857|
|     70692| 4.25|216.88134383|+75.69593921|
|     19167| 4.25|061.64606374|+50.35135022|
|    107418| 4.25|326.36220534|+61.12081043|
|     21476| 4.25|069.17264013|+41.26485467|
|      5896| 4.25|018.93956391|-68.87623708|
|     22783| 4.26|073.51254425|+66.34266029|
|     16611| 4.26|053.44686638|-21.63281597|
|      5434| 4.26|017.37550908|+47.24182410|
|     15510| 4.26|049.97177014|-43.07154929|
|     86170| 4.26|264.13686148|-38.63486521|
|      8198| 4.26|026.34828629|+09.15764102|
|     19893| 4.26|064.00621426|-51.48709578|
|     44066| 4.26|134.62165408|+11.85777198|
|     88267| 4.26|270.37667886|+21.59568814|
|    108917| 4.26|330.94650782|+64.62775425|
|    115830| 4.27|351.99236589|+06.37909727|
|     12828| 4.27|041.23488901|+10.11421979|
|      4906| 4.27|015.73606615|+07.89007256|
|     95294| 4.27|290.80441920|-44.79964788|
|    102532| 4.27|311.66465833|+16.12477326|
|     21589| 4.27|069.53917371|+12.51087423|
|     21881| 4.27|070.56126452|+22.95697545|
|     19860| 4.27|063.88352173|+08.89240989|
|     64004| 4.27|196.72776268|-49.90621586|
|     74911| 4.27|229.63353586|-47.87519201|
|    105515| 4.28|320.56157261|-16.83455521|
|     20711| 4.28|066.57664484|+22.81369394|
|     99655| 4.28|303.34917142|+56.56752223|
|    114131| 4.28|346.71986858|-43.52032436|
|    109410| 4.28|332.49688603|+33.17826747|
|     85423| 4.28|261.83860010|-29.86669942|
|     51172| 4.28|156.78814953|-31.06780228|
|     47193| 4.28|144.27229969|+81.32642085|
|     77055| 4.29|236.01443312|+77.79449901|
|     16852| 4.29|054.21882896|+00.40283316|
|     52154| 4.29|159.82671887|-55.60327905|
|    116631| 4.29|354.53407969|+43.26807610|
|     57936| 4.29|178.22733867|-33.90813014|
|    111188| 4.29|337.87620651|-32.34602798|
|     24845| 4.29|079.89385817|-13.17677698|
|     80894| 4.29|247.78497886|-16.61264015|
|    109139| 4.29|331.60918894|-13.86954013|
|     61174| 4.30|188.01868646|-16.19586556|
|     20648| 4.30|066.37215593|+17.92798917|
|     56647| 4.30|174.23720774|-00.82385424|
|    100027| 4.30|304.41190045|-12.50821403|
|     70069| 4.30|215.08146975|-56.38647906|
|     57669| 4.30|177.42120019|-63.78848906|
|     17531| 4.30|056.30200876|+24.46737879|
|     28404| 4.30|089.98375587|+45.93675346|
|     17797| 4.30|057.14926223|-37.62012878|
|     53417| 4.30|163.90353339|+24.74975451|
|      4577| 4.30|014.65144118|-29.35746436|
|     11484| 4.30|037.03965786|+08.46008870|
|     42799| 4.30|130.80619315|+03.39866539|
|     42568| 4.31|130.15431317|-59.76101468|
|     75411| 4.31|231.12306762|+37.37696091|
|     70638| 4.31|216.73225313|-83.66785308|
|    101847| 4.31|309.58447294|-01.10507951|
|     78990| 4.31|241.85125058|-20.86865410|
|     43067| 4.32|131.59386440|-13.54770494|
|     84880| 4.32|260.20681480|-12.84688200|
|     58758| 4.32|180.75707974|-63.31294495|
|     29696| 4.32|093.84473576|+29.49871224|
|     64241| 4.32|197.49812263|+17.52911621|
|     46750| 4.32|142.93016816|+22.96806545|
|     25945| 4.32|083.05313020|+18.59424525|
|     21763| 4.32|070.11039135|-19.67125686|
|     67669| 4.32|207.95677175|-32.99401625|
|     72683| 4.32|222.90968050|-43.57529383|
|     16826| 4.32|054.12233383|+48.19270068|
|     88866| 4.33|272.14496186|-63.66804844|
|     62867| 4.33|193.27906907|-48.94325313|
|     36284| 4.33|112.04095607|+08.92550376|
|     84405| 4.33|258.83869698|-26.60004896|
|     89826| 4.33|274.96550503|+36.06444696|
|     70576| 4.33|216.54500648|-45.37926095|
|     45496| 4.34|139.05042678|-57.54143764|
|     40888| 4.34|125.16203304|-77.48457640|
|     47175| 4.34|144.20690420|-49.35512860|
|     27100| 4.34|086.19341279|-65.73554080|
|      3031| 4.34|009.63958024|+29.31236900|
|    107348| 4.34|326.12787716|+17.35004352|
|     68523| 4.34|210.43121648|-45.60336989|
|      2912| 4.34|009.22016239|+33.71935227|
|    111022| 4.34|337.38259473|+47.70689488|
|     92161| 4.34|281.75509317|+18.18122968|
|     76552| 4.34|234.51384287|-42.56748493|
|     91971| 4.34|281.19306613|+37.60505025|
|      5542| 4.34|017.77471116|+55.14994765|
|     31125| 4.34|097.96403433|-23.41843727|
|     85355| 4.34|261.62866503|+04.14034239|
|     60742| 4.35|186.73469831|+28.26861975|
|     43234| 4.35|132.10825351|+05.83788486|
|    107380| 4.35|326.23661590|-33.02555306|
|     22509| 4.35|072.65300943|+08.90025258|
|     90098| 4.35|275.80675239|-61.49390506|
|     39794| 4.35|121.98266997|-68.61713647|
|     14838| 4.35|047.90695691|+19.72669777|
|     31407| 4.35|098.74411397|-52.97563454|
|     33449| 4.35|104.31916052|+58.42305973|
|     94713| 4.35|289.09206426|+38.13372778|
|     74857| 4.35|229.45768699|-30.14866233|
|     85822| 4.35|263.05373826|+86.58632924|
|      3405| 4.36|010.83851683|-57.46309763|
|     19038| 4.36|061.17357446|+22.08206790|
|     96468| 4.36|294.18031892|-01.28655047|
|     22701| 4.36|073.22366820|-05.45275591|
|     10324| 4.36|033.25004577|+08.84675230|
|     39863| 4.36|122.14857362|-02.98377649|
|     28199| 4.36|089.38421613|-35.28330688|
|      2484| 4.36|007.88566992|-62.95808549|
|     68862| 4.36|211.51160840|-41.17958035|
|     24327| 4.36|078.30785422|-12.94128833|
|     16335| 4.36|052.64367585|+47.99517199|
|     33347| 4.36|104.03427636|-17.05424675|
|       154| 4.37|000.48996506|-06.01397169|
|     98412| 4.37|299.93405965|-35.27624433|
|     88886| 4.37|272.18955260|+20.81457203|
|     53773| 4.37|165.03852431|-42.22586959|
|     29807| 4.37|094.13806399|-35.14073157|
|     35415| 4.37|109.67703283|-24.95438447|
|     64238| 4.38|197.48755015|-05.53892987|
|     99255| 4.38|302.22215174|+77.71136178|
|    116231| 4.38|353.24245060|-37.81835895|
|    115669| 4.38|351.51173897|-20.64186122|
|     49637| 4.39|151.97632850|+09.99766389|
|     96757| 4.39|295.02409394|+18.01393839|
|     73620| 4.39|225.72529160|+02.09127129|
|     26176| 4.39|083.70515764|+09.48958528|
|     30419| 4.39|095.94207368|+04.59283881|
|     39311| 4.39|120.56647202|+02.33431429|
|     82673| 4.39|253.50209743|+10.16544339|
|    105319| 4.39|319.96618253|-53.44926434|
|     84893| 4.39|260.25087615|-21.11243499|
|      8837| 4.39|028.41174872|-46.30244631|
|     96837| 4.39|295.26222378|+17.47612356|
|     27913| 4.39|088.59618305|+20.27641498|
|     17884| 4.39|057.38035594|+65.52600645|
|      4463| 4.40|014.30178237|+23.41775997|
|    108431| 4.40|329.47929577|-54.99256660|
|     38070| 4.40|117.02156206|-25.93718054|
|     39906| 4.40|122.25684770|-19.24500094|
|     93015| 4.40|284.23766942|-67.23353511|
|    114222| 4.41|346.97432546|+75.38758150|
|    105138| 4.41|319.47944955|+34.89688120|
|    115102| 4.41|349.70594501|-32.53183574|
|     32761| 4.41|102.46381712|-53.62249221|
|     34693| 4.41|107.78496505|+30.24528065|
|     70300| 4.41|215.75940538|-39.51176599|
|     85693| 4.41|262.68457505|+26.11060450|
|    115033| 4.41|349.47584844|-09.18248990|
|     87998| 4.41|269.62562385|+30.18926892|
|    110538| 4.42|335.89015172|+52.22949951|
|     88290| 4.42|270.43828967|+01.30510936|
|    115623| 4.42|351.34442250|+23.40401243|
|     72571| 4.42|222.57277790|-27.96021925|
|     77257| 4.42|236.61144121|+07.35323973|
|     29038| 4.42|091.89300774|+14.76852318|
|     34922| 4.42|108.38429537|-44.64052957|
|     53954| 4.42|165.58242155|+20.17974575|
|     40326| 4.42|123.51202967|-40.34773028|
|     31700| 4.42|099.47260802|-18.23745713|
|     34981| 4.42|108.56340179|-26.35251617|
|     23040| 4.43|074.32175175|+53.75208289|
|     19849| 4.43|063.82349230|-07.64455846|
|    100587| 4.43|305.96498335|+32.19018607|
|     98688| 4.43|300.66441367|-27.70987972|
|    102281| 4.43|310.86477381|+15.07468224|
|     94481| 4.43|288.43953645|+39.14596968|
|     17593| 4.43|056.53542672|-12.10173530|
|    102624| 4.43|311.93432462|-05.02760303|
|     19921| 4.44|064.12118133|-59.30174841|
|     30060| 4.44|094.90579498|+59.01090518|
|     40706| 4.44|124.63913830|-36.65953286|
|     21770| 4.44|070.14092957|-41.86357034|
|      3786| 4.44|012.17039736|+07.58520186|
|     71121| 4.44|218.15451447|-50.45712132|
|     40091| 4.44|122.83958436|-39.61855304|
|     95771| 4.44|292.17671261|+24.66516482|
|     36795| 4.44|113.51335813|-22.29618077|
|      1170| 4.44|003.66013628|-18.93268628|
|     51849| 4.45|158.89714422|-57.55763551|
|     55084| 4.45|169.16568371|-03.65151412|
|     42402| 4.45|129.68936993|+03.34147477|
|     94648| 4.45|288.88872380|+73.35521457|
|      7884| 4.45|025.35794814|+05.48760445|
|     29426| 4.45|092.98498656|+14.20881425|
|     96229| 4.45|293.52178228|+07.37931918|
|     44191| 4.45|135.02266724|-41.25373789|
|     52633| 4.45|161.44639899|-80.54020283|
|     13147| 4.45|042.27233113|-32.40628403|
|     80975| 4.45|248.03411079|-21.46647783|
|     24244| 4.45|078.07453075|-11.86914287|
|     44901| 4.46|137.21827365|+51.60472728|
|     18255| 4.46|058.57286091|-02.95473348|
|     59173| 4.46|182.02190127|-50.66125439|
|     80582| 4.46|246.79603256|-47.55473590|
|    112948| 4.46|343.13149128|-32.87545019|
|     24331| 4.46|078.32283171|+02.86125346|
|     11569| 4.46|037.26661741|+67.40238385|
|     54682| 4.46|167.91452617|-22.82560642|
|     44599| 4.47|136.28679299|-72.60269387|
|    104858| 4.47|318.61995883|+10.00771855|
|     73165| 4.47|224.29606996|-04.34608634|
|     23123| 4.47|074.63709525|+01.71403506|
|     31216| 4.47|098.22595658|+07.33297921|
|     57803| 4.47|177.78646511|-45.17344950|
|     38957| 4.47|119.56018303|-49.24492865|
|     47006| 4.47|143.70622878|+52.05156754|
|     46146| 4.47|141.16366395|+26.18244091|
|     71284| 4.47|218.66954381|+29.74480735|
|     15549| 4.47|050.08485949|+29.04849835|
|    109111| 4.47|331.52876518|-39.54304903|
|     30788| 4.47|097.04257272|-32.58012947|
|     12843| 4.47|041.27492276|-18.57265077|
|     75323| 4.48|230.84440733|-59.32069839|
|     18744| 4.48|060.22418760|-62.15936923|
|     32578| 4.48|101.96523679|+02.41218914|
|    113889| 4.48|345.96919380|+03.82006998|
|     20713| 4.48|066.58613217|+15.61834620|
|     80343| 4.48|246.02582204|-20.03721137|
|     49641| 4.48|151.98456489|-00.37162786|
|    114119| 4.48|346.67003033|-23.74311680|
|      3504| 4.48|011.18125882|+48.28438262|
|    116971| 4.49|355.68035357|-14.54474243|
|     38455| 4.49|118.16105542|-38.86282206|
|    116928| 4.49|355.51200741|+01.78041720|
|    118322| 4.49|359.97879195|-65.57707774|
|     49593| 4.49|151.85718812|+35.24469176|
|     71762| 4.49|220.18150404|+16.41830130|
|     34834| 4.49|108.14058722|-46.75956448|
|     32249| 4.49|100.99705857|+13.22814319|
|    107310| 4.49|326.03501874|+28.74322228|
|      9480| 4.49|030.48979079|+70.90704605|
|     21248| 4.49|068.37762290|-29.76583186|
|    104234| 4.49|316.78202266|-25.00574796|
|     96441| 4.49|294.11059344|+50.22046347|
|     43105| 4.50|131.67733004|-56.76979718|
|     99874| 4.50|303.94232258|+27.81422850|
|     27530| 4.50|087.45656999|-56.16648860|
|     50676| 4.50|155.22839581|-56.04322401|
|     67275| 4.50|206.81681937|+17.45677436|
|    104459| 4.50|317.39830336|-11.37165474|
|     57565| 4.50|176.99677650|+20.21894121|
|    111944| 4.50|340.12825981|+44.27628068|
|    109285| 4.50|332.09563830|-32.98839827|
|    109754| 4.50|333.46958944|+39.71488928|
|    106039| 4.50|322.18048346|-21.80716659|
|     26594| 4.50|084.79644123|+04.12146667|
|    106723| 4.51|324.27009487|-19.46601352|
|     98702| 4.51|300.70436340|+67.87344872|
|     47391| 4.51|144.83767061|-61.32810523|
|     46515| 4.51|142.31140615|-35.95134780|
|     76852| 4.51|235.38788463|+19.67050566|
|    102333| 4.51|311.00911122|-51.92084051|
|     27483| 4.51|087.29358126|+39.18113322|
|    117863| 4.51|358.59598888|+57.49939052|
|      1473| 4.51|004.58210555|+36.78532730|
|      5586| 4.51|017.91494471|+30.08972962|
|    110838| 4.51|336.83280453|-64.96637927|
|     65271| 4.52|200.65824899|-60.98835608|
|     73745| 4.52|226.11190457|+26.94765981|
|     65387| 4.52|201.00184737|-64.53561699|
|     95176| 4.52|290.43175842|-15.95500233|
|     89112| 4.52|272.80740093|-45.95432704|
|     13061| 4.52|041.97683942|+29.24742385|
|    106140| 4.52|322.48699859|+23.63882922|
|    111104| 4.52|337.62192333|+43.12338985|
|     69974| 4.52|214.77750771|-13.37116634|
|    102431| 4.52|311.33831928|+57.58029799|
|     85365| 4.53|261.65806271|-05.08649188|
|     28413| 4.53|090.01393918|-03.07407681|
|      2487| 4.53|007.88898014|-62.96544985|
|     87072| 4.53|266.89011276|-27.83076255|
|     69483| 4.53|213.37062458|+51.78999066|
|    114570| 4.53|348.13717883|+49.40597489|
|    102589| 4.53|311.85219564|+36.49073658|
|      3881| 4.53|012.45345723|+41.07895474|
|     37096| 4.53|114.34216663|-34.96857044|
|     46776| 4.54|142.99556148|-01.18465438|
|     46977| 4.54|143.62069943|+69.83015419|
|    114144| 4.54|346.75106602|+09.40952259|
|     75304| 4.54|230.78901374|-36.85843627|
|     72659| 4.54|222.84701756|+19.10063329|
|    115919| 4.54|352.28858456|+12.76049243|
|     74392| 4.54|228.05546736|-19.79163143|
|     24727| 4.54|079.54395049|+33.37200411|
|     98162| 4.54|299.23677038|-27.16986250|
|     46952| 4.54|143.55573740|+36.39761338|
|     31416| 4.54|098.76408302|-22.96483318|
|     23595| 4.55|076.10129897|-35.48287057|
|     36425| 4.55|112.44909205|+12.00661101|
|     76371| 4.55|233.97193752|-44.95833688|
|     48402| 4.55|148.02650069|+54.06428574|
|     88839| 4.55|272.02067917|-28.45701627|
|       301| 4.55|000.93488487|-17.33597002|
|    110609| 4.55|336.12914880|+49.47640074|
|    107119| 4.55|325.47948373|+71.31118695|
|     80079| 4.55|245.15909758|-24.16928427|
|     33694| 4.55|105.01603320|+76.97744152|
|     16281| 4.55|052.47810837|+58.87875244|
|    110351| 4.55|335.25636792|+46.53656484|
|     13328| 4.56|042.87846216|+35.05989415|
|     70574| 4.56|216.53431272|-45.22138996|
|     18597| 4.56|059.68640623|-61.40015059|
|    104194| 4.56|316.65036722|+47.64840597|
|     86092| 4.56|263.91504719|-46.50559076|
|     27830| 4.56|088.33184814|+27.61228536|
|     44700| 4.56|136.63245022|+38.45225024|
|    103004| 4.56|313.03218980|+27.09712771|
|     54951| 4.56|168.80101292|+23.09552528|
|     86614| 4.57|265.48461270|+72.14949916|
|     94005| 4.57|287.08722077|-40.49663760|
|     16870| 4.57|054.27365880|-40.27451075|
|     92818| 4.57|283.68700483|+22.64507357|
|     80463| 4.57|246.35387324|+14.03341514|
|     97886| 4.57|298.36533677|+24.07952568|
|     80473| 4.57|246.39633811|-23.44711764|
|     67627| 4.58|207.85807331|+64.72328281|
|     26237| 4.58|083.84650694|-04.83834045|
|     64425| 4.58|198.07345539|-59.92053651|
|     52468| 4.58|160.88461543|-60.56662705|
|    115250| 4.58|350.15926320|+23.74035920|
|     48374| 4.58|147.91953494|-46.54764424|
|     86284| 4.58|264.46133236|-08.11872126|
|     79404| 4.58|243.07588221|-27.92631564|
|     54751| 4.59|168.15008453|-60.31763070|
|     46509| 4.59|142.28682816|-02.76895627|
|     77840| 4.59|238.40303498|-25.32708018|
|     50555| 4.59|154.90318833|-55.02931452|
|      3245| 4.59|010.33156671|-46.08500934|
|     17351| 4.59|055.70884185|-37.31334485|
|     77512| 4.59|237.39874182|+26.06854936|
|     91926| 4.59|281.09489936|+39.61259557|
|    117452| 4.59|357.23116631|-28.13001480|
|     42527| 4.59|130.05374429|+64.32787175|
|     17959| 4.59|057.58948256|+71.33236777|
|     25473| 4.59|081.70928405|+03.09567718|
|     96465| 4.59|294.17662107|-24.88356664|
|     95081| 4.60|290.16696656|+65.71443030|
|     72125| 4.60|221.31040511|+16.96440296|
|     75501| 4.60|231.33438516|-38.73358810|
|     77760| 4.60|238.16747684|+42.44998796|
|     53502| 4.60|164.17915128|-37.13746290|
|     20070| 4.60|064.56073112|+50.29563944|
|     49402| 4.60|151.28121856|-13.06467435|
|     36145| 4.61|111.67858726|+49.21164489|
|      8833| 4.61|028.38890233|+03.18747844|
|    101474| 4.61|308.47578431|+35.25086482|
|      1366| 4.61|004.27306518|+38.68167915|
|     39095| 4.61|119.96689649|-18.39914242|
|       443| 4.61|001.33394073|-05.70783255|
|     14817| 4.61|047.82250605|+39.61157075|
|     76219| 4.61|233.54383219|-10.06395962|
|      4422| 4.62|014.16671042|+59.18116582|
|     90982| 4.62|278.37566714|-42.31245871|
|     63007| 4.62|193.66341683|-59.14666538|
|     92946| 4.62|284.05483475|+04.20352956|
|     54182| 4.62|166.25512463|+07.33612254|
|     56480| 4.62|173.69046642|-54.26413167|
|     62327| 4.62|191.59478955|-56.48877967|
|     18673| 4.62|059.98115045|-24.01625677|
|     23497| 4.62|075.77376699|+21.59006170|
|     25923| 4.62|082.98275119|-07.30152625|
|     80628| 4.62|246.95094563|-08.37170055|
|     88175| 4.62|270.12050178|-03.69016112|
|     44824| 4.62|137.01190516|-25.85853691|
|     54301| 4.62|166.63530960|-62.42413654|
|     73199| 4.63|224.39632979|+65.93238126|
|     90797| 4.63|277.84344394|-62.27819116|
|     37648| 4.63|115.88498187|-28.41095714|
|     13914| 4.63|044.80305773|+21.34044477|
|    118131| 4.63|359.43979002|+25.14147936|
|     38500| 4.63|118.26517655|-49.61307949|
|     61789| 4.63|189.96900602|-39.98724188|
|     42835| 4.63|130.91825129|-07.23372781|
|     45448| 4.63|138.93778941|-37.41312644|
|     92512| 4.63|282.80002755|+59.38828895|
|     77635| 4.63|237.74480683|-25.75123489|
|     78662| 4.63|240.88425437|-57.77487351|
|     66738| 4.63|205.18455213|+54.68166149|
|    101589| 4.64|308.82711738|+14.67418482|
|     82369| 4.64|252.45822137|-10.78280069|
|     88765| 4.64|271.82647643|+08.73379361|
|     18216| 4.64|058.42784574|-24.61221253|
|     22845| 4.64|073.72376720|+10.15114511|
|     67234| 4.64|206.66403516|-51.43269771|
|     76829| 4.64|235.29798226|-44.66055926|
|     84606| 4.64|259.41785775|+37.29134328|
|     28716| 4.64|090.97993150|+20.13845865|
|    111674| 4.64|339.34360749|+51.54537399|
|     76669| 4.64|234.84451583|+36.63582763|
|    113919| 4.64|346.04513231|+50.05168397|
|     95585| 4.64|291.62954029|+00.33857566|
|     51192| 4.65|156.85199279|-57.63881373|
|     27890| 4.65|088.52458376|-63.09102096|
|     23607| 4.65|076.14224320|+15.40418059|
|     36917| 4.65|113.84557180|-28.36927798|
|     58590| 4.65|180.21829289|+06.61439464|
|     21273| 4.65|068.46189659|+14.84448749|
|     78639| 4.65|240.80358419|-49.22972074|
|     12719| 4.65|040.86296031|+27.70717078|
|     36514| 4.65|112.67754202|-30.96228313|
|     35363| 4.65|109.57667037|-36.73396660|
|     61740| 4.66|189.81171855|-07.99550439|
|      5571| 4.66|017.86330901|+21.03467568|
|     44626| 4.66|136.40992522|-70.53852074|
|     53295| 4.66|163.49460834|+43.19001538|
|     42806| 4.66|130.82172127|+21.46859609|
|     31978| 4.66|100.24442101|+09.89576021|
|     62012| 4.66|190.64817140|-48.81303493|
|     98543| 4.66|300.27504217|+27.75356392|
|     33302| 4.66|103.90582904|-20.13659348|
|     76705| 4.66|234.94156188|-34.41189273|
|      8497| 4.66|027.39662961|-10.68618074|
|     90135| 4.66|275.91480755|-08.93451038|
|     89678| 4.66|274.51328312|-27.04263452|
|     35205| 4.66|109.14583928|-27.88127313|
|     88567| 4.66|271.25509380|-29.58007620|
|     88128| 4.67|270.01425282|+16.75094481|
|     28910| 4.67|091.53889172|-14.93528629|
|     90595| 4.67|277.29938301|-14.56580499|
|      5742| 4.67|018.43723014|+24.58376482|
|     45075| 4.67|137.72887992|+63.51378087|
|    103738| 4.67|315.32275695|-32.25776681|
|     40167| 4.67|123.05295353|+17.64813756|
|     21683| 4.67|069.81854938|+15.91802420|
|     16244| 4.67|052.34179296|+49.50901919|
|     91919| 4.67|281.08473883|+39.66997686|
|     96100| 4.67|293.08577692|+69.66540172|
|     19811| 4.67|063.72212566|+40.48372394|
|      8928| 4.68|028.73339519|-67.64748114|
|      7294| 4.68|023.48302496|+59.23209665|
|     43878| 4.68|134.08032510|-52.72351071|
|     52098| 4.68|159.68005265|+31.97622008|
|      9677| 4.68|031.12262534|-29.29683966|
|    106786| 4.68|324.43767522|-07.85414212|
|     66234| 4.68|203.61405606|+49.01590606|
|     96683| 4.68|294.84418456|+30.15323350|
|     66006| 4.68|202.99144179|-06.25571065|
|     13879| 4.68|044.69021034|+39.66282739|
|     47310| 4.68|144.61410460|+04.64941422|
|     49029| 4.68|150.05343468|+08.04427686|
|    112211| 4.68|340.89688564|-18.83030716|
|     80047| 4.68|245.08681283|-78.69565609|
|     20732| 4.69|066.65156991|+14.71385764|
|     39211| 4.69|120.30540155|-01.39242418|
|    108870| 4.69|330.82266498|-56.77980602|
|     62268| 4.69|191.40798434|-60.98116057|
|     52102| 4.69|159.68755215|-59.18299905|
|    116389| 4.69|353.76887742|-42.61510105|
|     37173| 4.69|114.57519746|-25.36478805|
|     38089| 4.69|117.08436527|-47.07753199|
|    107136| 4.69|325.52358201|+51.18962710|
|     24813| 4.69|079.78365993|+40.10066732|
|    104521| 4.70|317.58529617|+10.13194861|
|     56633| 4.70|174.17061875|-09.80225368|
|    113116| 4.70|343.60160144|+84.34611856|
|     98066| 4.70|298.95927101|-26.29968718|
|     82671| 4.70|253.49886366|-42.36201968|
|     56922| 4.70|175.05341839|-34.74465530|
|     24927| 4.70|080.11213225|-21.23973932|
|     91726| 4.70|280.56842553|-09.05255357|
|    116247| 4.70|353.31927128|-20.91452506|
|     23693| 4.71|076.37787652|-57.47298928|
|     57283| 4.71|176.19066226|-18.35061467|
|     63945| 4.71|196.56970994|-48.46325358|
|     68191| 4.71|209.41223681|-63.68661603|
|     25984| 4.71|083.18197584|+32.19203140|
|     16245| 4.71|052.34244352|-62.93843436|
|     13954| 4.71|044.92873469|+08.90740111|
|    105140| 4.71|319.48436063|-32.17248551|
|     45902| 4.71|140.37332838|-25.96541642|
|     46026| 4.71|140.80140137|-28.83392305|
|     25737| 4.71|082.43325647|-01.09217557|
|    114375| 4.71|347.47865379|-22.45759248|
|     97938| 4.71|298.56175736|+08.46165027|
|     22667| 4.71|073.13318214|+14.25077828|
|     58867| 4.72|181.08015725|-63.16571094|
|     51438| 4.72|157.58364619|-71.99271995|
|      6692| 4.72|021.48293404|+68.12994739|
|     29276| 4.72|092.57463800|-54.96866057|
|     60202| 4.72|185.17955477|+17.79265307|
|     27639| 4.72|087.76004280|+37.30568175|
|     64844| 4.72|199.38598801|+40.57256275|
|     51056| 4.72|156.47861301|+33.79626364|
|     40084| 4.72|122.81800545|-12.92701835|
|     78592| 4.72|240.69937951|+46.03685378|
|     46371| 4.72|141.82623904|-22.34341760|
|     84514| 4.72|259.15294004|-00.44514192|
|     51658| 4.72|158.30832166|+40.42554046|
|     25044| 4.72|080.44061530|-00.38246922|
|    107188| 4.72|325.66423845|-18.86630105|
|    103045| 4.73|313.16335749|-08.98323782|
|     53907| 4.73|165.45695372|-02.48449705|
|     40096| 4.73|122.85790344|-42.98728888|
|     78914| 4.73|241.62259840|-45.17327517|
|     33202| 4.73|103.66080771|+13.17801628|
|     79119| 4.73|242.24303566|+36.49010935|
|     11313| 4.73|036.40583743|+50.27866588|
|     64924| 4.74|199.60405000|-18.30861062|
|     11783| 4.74|038.02198846|-15.24431990|
|     15520| 4.74|049.99690314|+65.65232717|
|     16341| 4.74|052.65437447|-05.07516332|
|     69191| 4.74|212.47898599|-53.43872584|
|     39903| 4.74|122.25357658|-61.30170580|
|     42624| 4.74|130.30475030|-47.31714129|
|     88116| 4.74|269.94815306|-23.81601126|
|      6193| 4.74|019.86657455|+27.26408682|
|     77661| 4.74|237.81642977|+20.97787548|
|    116602| 4.74|354.46223051|-45.49232134|
|     96052| 4.74|292.94300436|+34.45297707|
|     93542| 4.74|285.77846922|-42.09499443|
|     12413| 4.74|039.94966387|-42.89163328|
|    103632| 4.74|314.95645946|+47.52094507|
|     44390| 4.74|135.63635792|+67.62957486|
|    108874| 4.74|330.82845686|-02.15533588|
|      2505| 4.74|007.94299136|+54.52232473|
|     69713| 4.75|214.04195627|+51.36701398|
|    115088| 4.75|349.65586210|+68.11141807|
|     67786| 4.75|208.30228458|-31.92758624|
|    101612| 4.75|308.89486744|-60.58129819|
|     57581| 4.75|177.06037263|-66.81487085|
|     35020| 4.75|108.65893526|-48.27192832|
|     76880| 4.75|235.48674445|-19.67857446|
|     76945| 4.75|235.67098805|-34.71033325|
|     86486| 4.76|265.09888468|-49.41515481|
|    114155| 4.76|346.77807997|+25.46833959|
|     84969| 4.76|260.49806157|-67.77064960|
|     13244| 4.76|042.61890350|-75.06688108|
|     27750| 4.76|088.11017813|+01.85515790|
|     70264| 4.76|215.65467485|-58.45915834|
|     63355| 4.76|194.73110786|+17.40936063|
|     38901| 4.76|119.41713237|-30.33458703|
|     94703| 4.76|289.05433156|+21.39044277|
|     52370| 4.76|160.55893343|-64.46645380|
|     13288| 4.76|042.75977464|-21.00397890|
|      2472| 4.76|007.85356695|-48.80356171|
|     65639| 4.76|201.86349201|-15.97363075|
|     67665| 4.76|207.94787312|+34.44431774|
|     60485| 4.76|186.00617625|+51.56222925|
|    106801| 4.76|324.48011167|+62.08194667|
|     47522| 4.76|145.32094152|-23.59152139|
|     55266| 4.76|169.78309755|+38.18572227|
|     29997| 4.76|094.71158258|+69.32003430|
|     14382| 4.77|046.38510717|+56.70554810|
|     86201| 4.77|264.23787472|+68.75718933|
|     62985| 4.77|193.58822553|-09.53894647|
|     90905| 4.77|278.14384287|+57.04561627|
|     56127| 4.77|172.57867422|-03.00345887|
|    112519| 4.77|341.87061429|+83.15371558|
|    101027| 4.77|307.21509857|-17.81366828|
|    100310| 4.77|305.16586145|-12.75904403|
|     98761| 4.77|300.88921406|-37.94049103|
|     26563| 4.77|084.72121589|-07.21270844|
|      3455| 4.77|011.04752272|-10.60927365|
|     88404| 4.77|270.77046145|-08.18025785|
|    100044| 4.77|304.44668519|+38.03294710|
|     45751| 4.77|139.94332821|-11.97488214|
|     32533| 4.77|101.83268467|+08.03728277|
|     26199| 4.78|083.76117163|-06.00202867|
|     50564| 4.78|154.93462599|+19.47143591|
|      4147| 4.78|013.25204382|-01.14422060|
|     23231| 4.78|074.98213784|-12.53720450|
|       122| 4.78|000.39937928|-77.06529438|
|     17587| 4.78|056.50971937|+63.34506772|
|     92024| 4.78|281.36190079|-64.87089771|
|     64852| 4.78|199.40119538|+05.46984502|
|     70104| 4.78|215.17729569|-45.18688140|
|     85755| 4.78|262.85396193|-23.96258036|
|     21029| 4.78|067.63987124|+16.19407556|
|     40274| 4.78|123.37301019|-35.89954225|
|     39847| 4.78|122.11459795|+51.50667575|
|     87294| 4.78|267.54629170|-40.09042823|
|     60351| 4.78|185.62632982|+25.84618178|
|    110371| 4.78|335.33053166|+28.33051592|
|      9977| 4.78|032.12144102|+37.85918337|
|     47758| 4.78|146.05054261|-27.76956287|
|     70306| 4.78|215.77461567|-27.75373395|
|    110882| 4.78|336.96448769|+04.69641070|
|    109400| 4.79|332.45152906|+72.34119936|
|     41039| 4.79|125.63207774|-48.49039742|
|     87220| 4.79|267.29363880|-31.70318435|
|     88149| 4.79|270.06582324|+04.36864674|
|      9153| 4.79|029.48239763|+23.59609610|
|     80815| 4.79|247.55199128|-25.11515935|
|      1168| 4.79|003.65045047|+20.20669720|
|     99824| 4.79|303.81621226|+25.59196924|
|     22678| 4.79|073.15833005|+36.70319636|
|    109908| 4.79|333.90368669|-41.34675029|
|     77655| 4.79|237.80807231|+35.65822638|
|     45856| 4.79|140.23679302|-62.40463293|
|     64661| 4.79|198.81249082|-67.89456330|
|     15197| 4.80|048.95844499|-08.81984050|
|     45493| 4.80|139.04699516|+54.02171207|
|     45811| 4.80|140.12094162|-09.55562948|
|     99639| 4.80|303.32517496|+46.81567038|
|     52502| 4.80|161.02890478|-63.96110070|
|     45038| 4.80|137.59802574|+67.13423886|
|     84573| 4.80|259.33154372|+33.10011419|
|    112051| 4.80|340.43920724|+29.30768920|
|     61394| 4.80|188.71299083|+22.62918961|
|     69879| 4.80|214.49923373|+35.50947085|
|     79881| 4.80|244.57467023|-28.61377598|
|     73568| 4.80|225.52713391|+25.00825646|
|     20542| 4.80|066.02372401|+17.44421161|
|    103089| 4.80|313.31143866|+44.38726652|
|     71995| 4.80|220.85571623|+26.52789077|
|     64022| 4.80|196.79461606|+27.62490672|
|     69112| 4.80|212.21253759|+77.54743312|
|     23364| 4.80|075.35977051|-07.17397802|
|    105382| 4.80|320.18993153|-40.80950852|
|    110672| 4.80|336.31921857|+01.37739245|
|     31832| 4.80|099.83261264|+42.48901214|
|      4151| 4.80|013.26783051|+61.12355735|
|     20354| 4.80|065.38811942|+46.49896290|
|      3300| 4.80|010.51618425|+50.51254151|
|     55687| 4.81|171.15252245|-10.85938276|
|     70755| 4.81|217.05091806|-02.22795009|
|     39138| 4.81|120.08320513|-63.56750271|
|     28237| 4.81|089.49857371|+25.95391597|
|     24010| 4.81|077.42483084|+15.59727157|
|     24659| 4.81|079.37093064|-34.89438961|
|     90289| 4.81|276.33764809|-20.54160918|
|    101867| 4.81|309.63038481|+21.20117964|
|     47029| 4.81|143.76605199|+39.62144313|
|     24372| 4.81|078.43927858|-67.18534976|
|    102724| 4.81|312.23455583|+46.11414081|
|     51459| 4.82|157.65735143|+55.98061759|
|     80179| 4.82|245.51850007|+01.02892219|
|     36773| 4.82|113.44986614|-14.52390109|
|     69226| 4.82|212.59978522|+25.09182293|
|     78554| 4.82|240.57370453|+22.80439543|
|    110386| 4.82|335.37946377|+12.20517262|
|     60710| 4.82|186.63245078|-51.45061150|
|    116901| 4.82|355.44082263|-17.81653327|
|     82321| 4.82|252.30916380|+45.98344780|
|      9095| 4.82|029.29163705|-47.38529869|
|     50799| 4.82|155.58169175|-41.65010791|
|     31827| 4.82|099.81965168|-14.14574673|
|    115022| 4.82|349.43590129|+49.01528336|
|    111123| 4.82|337.66172918|-10.67788619|
|     66458| 4.82|204.36540378|+36.29484073|
|     24340| 4.82|078.35721486|+38.48467394|
|    104019| 4.82|316.10135259|-19.85493122|
|     83262| 4.82|255.26510631|-04.22245426|
|     92782| 4.82|283.59902616|+71.29708956|
|     90344| 4.82|276.49578299|+65.56354628|
|     33092| 4.82|103.38712732|-20.22426366|
|     12876| 4.83|041.38555249|-67.61672400|
|     93026| 4.83|284.26514217|-05.84621426|
|      4292| 4.83|013.75080422|+58.97279657|
|     40945| 4.83|125.34597645|-33.05437199|
|     42726| 4.83|130.60587670|-53.11404062|
|     92088| 4.83|281.51861708|+26.66207055|
|     63724| 4.83|195.88894965|-49.52723627|
|     35210| 4.83|109.15348700|-23.31560155|
|     73695| 4.83|225.94867417|+47.65401409|
|     74449| 4.83|228.20668641|-44.50035965|
|      6813| 4.83|021.91285470|+45.40695287|
|     34495| 4.83|107.21281817|-39.65567374|
|     93174| 4.83|284.68114151|-37.10708855|
|     83574| 4.83|256.20562945|-34.12292247|
|     80704| 4.83|247.16052050|+41.88169065|
|     12390| 4.83|039.89054885|-11.87158159|
|     82020| 4.84|251.32412380|+56.78168723|
|     53807| 4.84|165.14016441|+03.61753351|
|     19740| 4.84|063.48496228|+09.26389844|
|     81008| 4.84|248.15165942|+11.48823391|
|     57328| 4.84|176.32085333|+08.25817475|
|     37297| 4.84|114.86397492|-38.30806020|
|     70027| 4.84|214.93883677|+16.30680118|
|    112374| 4.84|341.40771690|-53.50016316|
|     42134| 4.84|128.83186765|-58.00929470|
|     26777| 4.84|085.32381426|+16.53418318|
|    112203| 4.84|340.87486957|-41.41411843|
|     10644| 4.84|034.26007346|+34.22482985|
|     81660| 4.84|250.22966425|+64.58908555|
|     98353| 4.84|299.73823470|-26.19582739|
|    114104| 4.84|346.65337433|+59.41976474|
|      7007| 4.84|022.54559597|+06.14393314|
|     15457| 4.84|049.83974536|+03.36997055|
|     10340| 4.84|033.30558667|+44.23168903|
|     74837| 4.85|229.41203255|-63.61048662|
|     87846| 4.85|269.19760682|-44.34219871|
|     93148| 4.85|284.61564682|-52.93860748|
|     49712| 4.85|152.23439032|-51.81126187|
|     64408| 4.85|198.01444495|-37.80313606|
|     36431| 4.85|112.46422560|-23.02429924|
|     14862| 4.85|047.98432711|+74.39386878|
|     15416| 4.85|049.68259978|+34.22267370|
|     89918| 4.85|275.21692548|+03.37714467|
|     32438| 4.86|101.55896951|+59.44169108|
|     71832| 4.86|220.41148550|+08.16175611|
|    109068| 4.86|331.41954990|+05.05828453|
|     64820| 4.86|199.30431246|-66.78342263|
|    101773| 4.86|309.39683225|-61.52974415|
|     94643| 4.86|288.88498822|-25.25660677|
|     81122| 4.86|248.52091772|-44.04530868|
|     81497| 4.86|249.68703338|+48.92827739|
|      2210| 4.86|006.98213606|-33.00704460|
|     80181| 4.86|245.52454222|+30.89173424|
|     91918| 4.86|281.08066463|-35.64192109|
|     51808| 4.86|158.77328496|+75.71298403|
|     42483| 4.86|129.92704475|-29.56086189|
|     85829| 4.86|263.06616249|+55.17280674|
|     92761| 4.86|283.54239695|-22.74482020|
|     15382| 4.86|049.59206509|-22.51114978|
|     70327| 4.86|215.84475026|+08.44664037|
|     86736| 4.86|265.85772897|-21.68308566|
|     19777| 4.87|063.59872149|-10.25588890|
|     12093| 4.87|038.96870420|+05.59330163|
|     15110| 4.87|048.72547816|+21.04462873|
|     43825| 4.87|133.88131490|-27.68162589|
|     34899| 4.87|108.30571289|-45.18252474|
|      6411| 4.87|020.58497087|+45.52875660|
|     48559| 4.87|148.55182725|-25.93248205|
|     52736| 4.87|161.71351737|-64.38349702|
|     97290| 4.87|296.59091351|-19.76089482|
|     42662| 4.87|130.43055822|-15.94314865|
|     51979| 4.87|159.30749487|-27.41268661|
|    106551| 4.87|323.69365589|+38.53382684|
|     58484| 4.88|179.90704708|-78.22181833|
|     25539| 4.88|081.90868350|+21.93698219|
|     82860| 4.88|254.00566477|+65.13467204|
|     91845| 4.88|280.88016751|-08.27524299|
|     87936| 4.88|269.44919385|-41.71625842|
|     27468| 4.88|087.25399777|+24.56755473|
|     61960| 4.88|190.47086482|+10.23584294|
|     35412| 4.88|109.66825335|-24.55870761|
|     96341| 4.88|293.80414074|-48.09911061|
|     63462| 4.88|195.06868941|+30.78503676|
|     11345| 4.88|036.48755111|-12.29045200|
|     27810| 4.88|088.27868480|-33.80143950|
|    118243| 4.88|359.75220729|+55.75494069|
|    118209| 4.88|359.66837736|-03.55580738|
|     94820| 4.88|289.40868994|-18.95288215|
|    117301| 4.88|356.76411116|+58.65185164|
|       910| 4.89|002.81628415|-15.46732287|
|     27511| 4.89|087.38726446|+12.65136584|
|     51523| 4.89|157.84264509|-53.71599280|
|     57443| 4.89|176.63436255|-40.50133452|
|     57851| 4.89|177.96363695|-65.20589445|
|     97118| 4.89|296.06896508|+37.35426967|
|     83613| 4.89|256.34441753|+12.74085469|
|     25302| 4.89|081.18677704|+01.84644611|
|     37908| 4.89|116.53122379|+18.51016877|
|     62886| 4.89|193.32404513|+21.24502058|
|     37265| 4.89|114.79148501|+34.58463287|
|    115990| 4.89|352.50799782|+58.54890978|
|    102831| 4.89|312.49199793|-33.77967320|
|     69896| 4.89|214.55821047|-81.00760147|
|     52009| 4.89|159.38853109|-13.38445095|
|     85819| 4.89|263.04340826|+55.18411077|
|     22453| 4.89|072.47777728|+37.48818131|
|    111841| 4.89|339.81532883|+39.05028301|
|     97679| 4.90|297.76705681|+22.61008676|
|    102790| 4.90|312.37053840|-46.22689249|
|     64583| 4.90|198.56428372|-59.10285946|
|     78821| 4.90|241.36073017|-19.80184191|
|     78655| 4.90|240.85084398|-38.60247122|
|      3801| 4.90|012.20830552|+50.96819154|
|     33485| 4.90|104.40468738|+45.09410202|
|     62683| 4.90|192.67161238|-33.99926779|
|     26885| 4.90|085.61943491|+01.47466498|
|     80686| 4.90|247.11583852|-70.08467012|
|      6670| 4.90|021.40503869|-14.59875437|
|     73473| 4.91|225.24328191|-08.51893488|
|    101692| 4.91|309.18177937|-02.54991814|
|     52085| 4.91|159.64588780|-16.87663687|
|     30093| 4.91|094.99835160|-02.94449028|
|    113186| 4.91|343.80676809|+08.81609536|
|    111310| 4.91|338.25005260|-61.98207300|
|    101101| 4.91|307.41232775|-02.88547630|
|     21139| 4.91|067.96945612|-00.04399115|
|     61966| 4.91|190.48582000|-59.68581085|
|     66257| 4.91|203.69894294|+37.18243871|
|     23835| 4.91|076.86115023|+18.64500711|
|     12623| 4.91|040.56220350|+40.19438688|
|     83608| 4.91|256.33409280|+54.46986308|
|     34752| 4.91|107.91371845|+39.32054373|
|     34622| 4.91|107.55700787|-04.23763568|
|     23362| 4.91|075.35649111|-20.05188078|
|     74604| 4.91|228.65552450|-31.51912564|
|     98055| 4.91|298.90759282|+52.43902327|
|     81724| 4.91|250.39331786|-17.74216462|
|     36547| 4.92|112.76866761|+82.41156871|
|     28816| 4.92|091.24638576|-16.48442713|
|     30520| 4.92|096.22459158|+49.28789903|
|     89861| 4.92|275.07459830|+21.96144090|
|     67480| 4.92|207.42841642|+21.26406422|
|     75379| 4.92|231.04970889|-10.32189476|
|     66200| 4.92|203.53293870|+03.65902506|
|     90830| 4.92|277.93931691|-45.91474360|
|     88726| 4.92|271.70785224|-43.42496169|
|     72104| 4.92|221.24664628|-35.19182069|
|     60697| 4.92|186.60030726|+27.26826273|
|     34059| 4.92|105.97356647|-49.58425759|
|    102388| 4.92|311.21884679|+25.27104823|
|     45439| 4.92|138.90317393|-38.56991789|
|     28574| 4.92|090.46010757|-10.59793918|
|     54204| 4.92|166.33346925|-27.29359566|
|      9061| 4.92|029.16732782|-22.52671153|
|     92689| 4.92|283.30642219|+50.70828894|
|     39079| 4.93|119.93410303|-03.67957835|
|     99120| 4.93|301.84653576|-52.88080972|
|    114939| 4.93|349.21229368|-07.72646619|
|     96483| 4.93|294.22270240|-07.02747069|
|     56986| 4.93|175.22355273|-62.09010401|
|     19990| 4.93|064.31535896|+20.57874033|
|     36942| 4.93|113.91541745|-52.53380809|
|     47592| 4.93|145.56113137|-23.91620867|
|     43937| 4.93|134.24344613|-59.22935883|
|    102571| 4.93|311.79468503|+34.37410329|
|     69269| 4.93|212.71034788|-16.30200362|
|     62763| 4.93|192.92469926|+27.54073393|
|     20252| 4.93|065.10273351|+34.56674228|
|     59847| 4.93|184.08564668|+23.94542332|
|     19515| 4.93|062.71013758|-41.99374121|
|     73996| 4.93|226.82477948|+24.86959294|
|    117073| 4.93|355.99765846|+29.36155278|
|     99770| 4.93|303.63326032|+36.80613540|
|     99303| 4.93|302.35673642|+36.83959003|
|     72631| 4.93|222.75425052|-02.29884995|
|     23179| 4.93|074.81406425|+37.89048240|
|     56280| 4.93|173.06840611|-29.26137351|
|     79375| 4.93|243.00000648|-10.06418514|
|     63503| 4.93|195.18160731|+56.36633134|
|     37609| 4.93|115.75190700|+58.71048707|
|     35727| 4.94|110.55637515|-19.01658444|
|     48615| 4.94|148.71765461|-19.00926985|
|     43347| 4.94|132.44853466|-45.30790977|
|     33357| 4.94|104.06662140|-48.72116448|
|     80650| 4.94|246.99605488|+68.76805491|
|     99742| 4.94|303.56910667|+15.19746767|
|     93279| 4.94|285.00342257|+32.14549051|
|     39424| 4.94|120.87957982|+27.79441794|
|    109422| 4.94|332.53534803|-32.54844042|
|     13905| 4.94|044.76545740|+35.18311415|
|     64540| 4.94|198.42908954|+40.15284766|
|    101138| 4.94|307.51471567|+48.95155039|
|     10280| 4.94|033.09301632|+30.30321507|
|     51495| 4.94|157.75864399|-73.22150890|
|     64166| 4.94|197.26367917|-23.11797275|
|     50933| 4.94|156.03274518|+65.56647366|
|     61384| 4.95|188.68360523|+70.02177318|
|     18505| 4.95|059.35598140|+63.07224944|
|     98608| 4.95|300.43634274|-59.37582804|
|    115738| 4.95|351.73293881|+01.25583758|
|     29434| 4.95|093.01365054|+16.13044684|
|    112917| 4.95|343.00811365|+43.31236494|
|     79509| 4.95|243.36972631|-54.63041289|
|      3414| 4.95|010.86704470|+47.02463657|
|     98068| 4.95|298.96567172|+38.48670392|
|     55945| 4.95|171.98429124|+02.85629071|
|     26736| 4.95|085.21131577|-01.12878569|
|     79822| 4.95|244.37708768|+75.75470385|
|      6242| 4.95|020.02049027|+58.23161610|
|    117245| 4.95|356.59807048|+03.48687164|
|     78207| 4.95|239.54740116|-14.27931773|
|    115590| 4.96|351.20936267|+62.28283877|
|     67494| 4.96|207.46810200|-18.13407618|
|     24822| 4.96|079.81912416|+22.09669104|
|     27949| 4.96|088.71160776|+55.70690490|
|     20877| 4.96|067.10985479|+16.35962902|
|     11918| 4.96|038.46130170|-28.23234010|
|     15648| 4.96|050.36086309|+43.32965174|
|     78650| 4.96|240.83611243|-25.86514891|
|     88657| 4.96|271.50795297|+22.21889206|
|     89172| 4.96|272.97569523|+31.40528840|
|      7818| 4.96|025.14501739|+40.57710624|
|      7918| 4.96|025.44381547|+42.61380692|
|     78180| 4.96|239.44830388|+54.74950359|
|     89153| 4.96|272.93053328|-23.70116777|
|    116310| 4.97|353.48813881|+31.32532196|
|    117221| 4.97|356.50849555|+46.42029095|
|     65721| 4.97|202.10812668|+13.78018777|
|     20250| 4.97|065.08847817|+27.35094069|
|     60172| 4.97|185.08813566|+03.31272688|
|     50847| 4.97|155.74241361|-66.90152522|
|      9009| 4.97|029.00001575|+68.68526545|
|     38538| 4.97|118.37431874|+26.76585858|
|     83430| 4.97|255.78273333|+14.09210030|
|     79790| 4.97|244.25389798|-50.06811224|
|     76742| 4.97|235.07043893|-23.81805841|
|      5862| 4.97|018.79403213|-45.53209717|
|     17313| 4.97|055.59434812|+33.96503899|
|    116758| 4.97|354.94598676|-14.22204281|
|     28010| 4.97|088.87454313|-37.12060931|
|     70753| 4.97|217.04351389|-29.49157976|
|     18772| 4.97|060.32529605|-61.07905148|
|     13884| 4.98|044.69902505|-64.07129717|
|     53824| 4.98|165.18680144|+06.10150342|
|     37379| 4.98|115.09671685|-15.26385208|
|     90156| 4.98|275.97770388|+58.80058520|
|     23783| 4.98|076.66940952|+51.59814314|
|     57696| 4.98|177.48594609|-70.22578580|
|     42509| 4.98|130.00633068|-12.47537441|
|     92951| 4.98|284.06088696|+04.20205672|
|     76041| 4.98|232.94580142|+40.89936876|
|     10053| 4.98|032.35535861|+25.93997268|
|     78493| 4.98|240.36079431|+29.85107821|
|     60746| 4.98|186.74710034|+26.82572160|
|     26235| 4.98|083.84541591|-05.41606331|
|     95066| 4.98|290.13682588|-05.41587489|
|     26220| 4.98|083.81592896|-05.38731536|
|      7999| 4.98|025.68132047|-03.69011692|
|     98073| 4.98|298.98078459|+58.84601982|
|     66821| 4.99|205.43672827|-54.55936543|
|     78323| 4.99|239.87623269|-41.74439602|
|     46771| 4.99|142.98663458|+11.30003070|
|     44659| 4.99|136.49324097|+05.09234249|
|     59856| 4.99|184.12572840|+33.06179861|
|     89348| 4.99|273.47232710|+64.39719935|
|     25142| 4.99|080.70833880|+03.54444809|
|     36041| 4.99|111.41207798|+09.27611835|
|     17304| 4.99|055.56207975|-31.93839587|
|     69389| 4.99|213.06596003|+02.40949613|
|    109289| 4.99|332.10803368|-34.04372111|
|     98842| 4.99|301.08151239|-32.05626941|
|     95372| 4.99|291.03154901|+29.62131120|
|    113288| 4.99|344.10832784|+49.73355094|
|     45085| 4.99|137.76834415|-44.86791223|
|     75206| 4.99|230.53497528|-47.92746963|
|     32855| 4.99|102.71812209|-34.36732059|
|       355| 4.99|001.12550980|-10.50949443|
|    115115| 4.99|349.74021218|-09.61073100|
|     40259| 4.99|123.33322933|-15.78821451|
|     21644| 4.99|069.72330721|-12.12307828|
|     75312| 4.99|230.80094284|+30.28824114|
|     32844| 4.99|102.69151315|+41.78156548|
|      9505| 4.99|030.57530917|+54.48754946|
|     33971| 4.99|105.72824798|-04.23923814|
|     55560| 4.99|170.70672415|+43.48273665|
|     18488| 4.99|059.28455287|+61.10891703|
|     16147| 4.99|052.01270885|+49.06293148|
|     29735| 5.00|093.93699498|-13.71838696|
|     19018| 5.00|061.11318196|+59.15550819|
|     94490| 5.00|288.47985288|+57.70525514|
|     79043| 5.00|242.01894370|+17.04699349|
|     25278| 5.00|081.10545973|+17.38355205|
|    118121| 5.00|359.39571557|-64.29808259|
|     47205| 5.00|144.30295211|+06.83577519|
|     97295| 5.00|296.60659960|+33.72868813|
|     96275| 5.00|293.64536654|+19.77339742|
|     88060| 5.00|269.77199900|-30.25300479|
|     33345| 5.00|104.02769490|-14.04344644|
|     93408| 5.00|285.35983210|+46.93502175|
|     29034| 5.00|091.88180046|-37.25292114|
|     55588| 5.00|170.80292630|-36.16476782|
|     35384| 5.00|109.63324602|+49.46474619|
|     88788| 5.00|271.86974331|+43.46203247|
|     92845| 5.00|283.77946681|-22.67125323|
|     57175| 5.00|175.87999922|-62.48939856|
|     76008| 5.00|232.85439245|+77.34933897|